
U1:
sigma1(k=6)=0.005747497921652031,
sigma1(k=7)=0.005901042964837944

U2:
sigma2(k=6)=0.0013936056202264139
sigma2(k=7)=0.0013936882101349215

U3:
sigma3(k=9)=0.009994466222021898

U2:
sigma2(k=9)=0.011255692601999793